site,A,C,D,E,F,G,H,I,K,L,M,N,P,Q,R,S,T,V,W,Y
1,0.0662292,0.0956303,0.00278832,2.90285e-06,0.0465076,0.113724,0.0176231,0.00047612,0.0145142,0.0311119,0.0996913,0.163075,0.0519624,0.000483242,0.00735842,0.0798597,0.192591,0.000483242,4.54784e-06,0.0158828
2,0.0371999,0.0203538,0.129538,0.154047,0.0022458,0.089712,0.058779,0.0197973,0.00657608,0.0207815,0.0848727,0.045168,0.0526087,0.051526,0.0106091,0.0361827,0.0209261,0.0617013,0.0563846,0.0409908
3,0.0551218,0.0847153,0.246347,0.256809,0.0514304,0.0307934,0.0138763,0.0138763,1.53518e-05,0.0379111,0.0301597,0.0205997,0.00854186,0.00477185,0.00974424,0.00625301,0.0179331,0.0165018,0.0558912,0.0387077
4,0.137318,0.0386227,0.14216,0.121211,0.0998282,0.00389433,0.0231249,0.0645066,0.00124089,0.0495693,0.0696174,0.00945695,0.0333907,0.0214273,0.000423777,0.0645066,0.0204124,0.0290683,0.0163518,0.0538687
5,0.0301449,0.0506974,0.301046,0.0732035,0.0203061,0.0236512,0.0543362,0.0426313,0.0123278,0.0637273,0.0392288,0.0150724,0.0336805,0.025525,0.0517627,0.0946047,0.0115822,0.0222208,0.000100401,0.0341506
6,0.0311856,0.0711509,0.00562873,0.0299153,0.10935,0.019874,0.0329638,0.0951947,0.0106502,0.0711509,0.126484,0.0292996,0.0696866,0.0882063,0.000266611,0.067781,0.0441032,0.0237987,0.0208621,0.0524478
7,0.00732614,0.0894527,0.0972113,0.134648,0.190422,0.0192002,0.0102892,0.0322908,0.00486707,0.0919675,0.0271532,0.0528215,0.01974,0.0173042,0.00187002,0.0285032,0.0154877,0.023475,0.130966,0.0050039
8,0.0119752,3.10766e-05,0.000285581,6.39861e-06,0.868254,0.000651562,0.0151576,0.00158225,0.000642591,0.018151,0.00378941,0.00554802,0.00146609,0.0242847,0.00024519,0.0150529,0.00152835,0.000143784,0.0148457,0.0163586
9,0.542771,0.000108554,0.000108554,0.000108554,0.000108554,0.190573,0.0222264,0.0570518,0.000181017,0.000114562,0.000111429,0.000177292,0.00196455,0.0226934,0.000714101,0.00033314,0.000108554,0.160252,0.000129785,0.000163142
10,0.0252382,0.310303,6.20606e-05,0.457471,6.20606e-05,6.37043e-05,6.20606e-05,7.52343e-05,0.0684764,6.20606e-05,0.0237118,0.024548,6.20606e-05,0.0103313,0.0781154,6.20606e-05,0.000143342,6.20606e-05,6.20606e-05,0.00102636
11,7.90209e-05,7.90209e-05,0.395104,7.90209e-05,7.90209e-05,7.90209e-05,0.0106745,0.00797835,0.000103384,0.00621645,0.000138321,0.000133609,0.00011392,0.264311,0.00415858,0.0014908,7.90209e-05,0.257083,0.00263187,0.0493881
12,0.0229218,0.02822,0.0390878,0.053767,0.165266,0.0345029,0.0439761,0.0588368,0.0153338,0.024567,0.00924484,0.00391401,0.0399092,0.0191417,0.0292152,0.00186432,0.0317492,0.0396335,0.18465,0.154199
13,0.00035181,0.740762,0.000255761,0.0450316,0.000148152,0.000306268,0.000148152,0.0414375,0.000148152,0.00493437,0.0184157,0.000148152,0.000148152,0.000148152,0.00503805,0.000148152,0.000148152,0.0569991,0.0386626,0.0466197
14,0.0680517,0.000131292,0.000131292,0.000269538,0.000152678,0.000148503,0.000131292,0.000301151,0.104587,0.00899149,0.000131292,0.000131292,0.0270688,0.0019842,0.656458,0.0448974,0.0418908,0.000131292,0.000131292,0.0442793
15,0.0428964,0.114784,0.0539213,0.0408647,0.0510127,0.0499628,0.0213,0.0241305,0.0188016,0.0721428,0.0623701,0.0338899,1.44286e-05,0.0129312,0.00281431,0.0334233,0.0198736,0.0271482,0.0784001,0.239318
16,0.000166864,0.00430035,0.000166864,0.000181049,0.0688056,0.000166864,0.000826138,0.000230758,0.834319,0.000166864,0.000166864,0.0852989,0.000196753,0.000166864,0.00166377,0.000206534,0.000166864,0.000166864,0.0024699,0.000166864
17,0.0182614,0.0425393,0.000321017,0.000132403,0.000132403,0.000132403,0.112262,0.032016,0.662016,0.00619336,0.000132403,0.0452775,0.000132403,0.00659203,0.0492047,0.00284953,0.000310082,0.00164801,0.0187748,0.00107231
18,0.0601729,0.024269,1.76197e-05,1.87241e-05,1.76197e-05,0.3623,0.015901,0.0610129,7.86201e-05,0.0880983,0.274572,0.0103463,0.0241014,0.00441081,2.0068e-05,0.0165762,0.0031406,1.76197e-05,0.0362785,0.0186492
19,0.00391531,0.0109977,0.000124924,0.000331971,3.19379e-05,0.556072,0.00614378,0.00078411,0.15969,0.00793994,3.19379e-05,0.0114647,0.0159903,0.00462395,0.199346,0.0048876,0.0128985,0.00388827,0.000806154,3.19379e-05
20,0.000119986,0.599929,0.0803735,0.0643848,0.0519355,0.0247379,0.000119986,0.0317492,0.0212391,0.0125416,0.0803735,0.000119986,0.000119986,0.00950475,0.000176611,0.00750915,0.0103291,0.000119986,0.000119986,0.00449602
21,0.0280224,0.000720509,0.0280224,0.0280224,0.000168331,0.00552927,0.000549842,0.000178883,0.000168331,0.000274921,0.0280224,0.00826542,0.000601689,0.000276833,0.000365284,0.841657,0.0280224,0.000267403,0.000672259,0.000191722
22,0.000117258,9.73988e-05,0.00074111,0.00750452,0.00468406,9.73988e-05,0.0759912,9.73988e-05,0.486994,0.00930341,0.000336286,0.0144978,0.0250677,0.0803241,0.164024,0.00639862,9.73988e-05,0.0792182,0.000153654,0.0442547
23,0.0691528,0.0938129,0.0569536,0.0389005,0.0104231,0.0397178,0.101246,0.0105686,0.026204,0.00959123,0.0636335,0.111563,0.00392234,0.117924,0.00550871,0.082809,0.10195,0.0542562,0.00185538,7.78009e-06
24,0.0348926,0.0230205,0.0067032,0.0470085,0.111033,0.015083,0.0135935,0.0438605,0.00934925,0.0222364,0.0528873,0.0500345,0.000671216,0.0222364,0.0151879,0.114949,0.0486663,0.0599152,0.15594,0.152731
25,0.000148371,9.27553e-05,0.00025833,0.000286635,9.27553e-05,0.225547,9.27553e-05,0.000141344,0.0154411,0.00011722,0.000140368,0.000101341,0.463776,0.10669,9.92551e-05,0.126877,0.0596019,9.27553e-05,0.000286635,0.000115606
26,0.00064316,0.0531438,0.00346253,0.0186594,0.1041,0.0957917,0.0585594,0.0557859,0.0193174,0.0918895,0.0389035,0.117119,9.6975e-06,0.125525,0.0405556,0.0292797,0.0120572,0.00641669,0.067735,0.0610462
27,0.000402474,0.620362,0.120006,0.000173977,0.0382388,0.000132767,0.0206545,0.000317971,0.0206545,0.000367793,0.000151455,0.000124072,0.0310596,0.000531067,0.0374519,0.0878497,0.000124072,0.0206545,0.000145286,0.000597481
28,0.0258176,0.00925534,0.00721143,0.044026,0.00767563,0.02156,0.0352679,0.0649062,0.0700486,0.0340666,0.0730233,0.0113159,5.16353e-06,0.0553413,0.17248,0.00092037,0.0589037,0.0745577,0.207978,0.0256393
29,0.00955147,0.0638105,0.0323506,8.58529e-05,0.0308185,8.58529e-05,8.58529e-05,0.0595373,0.429264,0.0559367,0.0301842,0.0048424,0.0124297,0.0219435,0.173131,0.00328461,0.0688661,8.58529e-05,8.58529e-05,0.00361933
30,0.00778804,0.635285,0.00037926,0.0104198,0.0205528,0.0606006,0.00469544,0.0391587,0.000127057,0.000127057,0.0534923,0.0352918,0.000127057,0.000127057,0.000582875,0.000127057,0.0419692,0.0085224,0.0645014,0.0161254
